rn, , , 0, -1, 3, 4
a, name=\"000000050000\", , 0, 2, 24, 25
a, name=\"000000050000\", , 0, 2, 24, 25
rn, , , 0, -1, 3, 4
a, name=\"000000100000\", , 0, 2, 24, 25
a, name=\"000000100000\", , 0, 2, 24, 25
rn, , , 0, -1, 3, 4
a, name=\"000000150000\", , 0, 2, 24, 25
a, name=\"000000150000\", , 0, 2, 24, 25
rn, , , 0, -1, 3, 4
a, name=\"000000200000\", , 0, 2, 24, 25
a, name=\"000000200000\", , 0, 2, 24, 25
rn, , , 0, -1, 3, 4
a, name=\"000000250000\", , 0, 2, 24, 25
a, name=\"000000250000\", , 0, 2, 24, 25
rn, , , 0, -1, 3, 4
a, name=\"000000300000\", , 0, 2, 24, 25
a, name=\"000000300000\", , 0, 2, 24, 25
rn, , , 0, -1, 3, 4
a, name=\"000000350000\", , 0, 2, 24, 25
a, name=\"000000350000\", , 0, 2, 24, 25
rn, , , 0, -1, 3, 4
a, name=\"000000400000\", , 0, 2, 24, 25
a, name=\"000000400000\", , 0, 2, 24, 25
rn, , , 0, -1, 3, 4
a, name=\"000000450000\", , 0, 2, 24, 25
a, name=\"000000450000\", , 0, 2, 24, 25
rn, , , 0, -1, 3, 4
a, name=\"000000500000\", , 0, 2, 24, 25
a, name=\"000000500000\", , 0, 2, 24, 25
rn, , , 0, -1, 3, 4
a, name=\"000000550000\", , 0, 2, 24, 25
a, name=\"000000550000\", , 0, 2, 24, 25
rn, , , 0, -1, 3, 4
a, name=\"000000600000\", , 0, 2, 24, 25
a, name=\"000000600000\", , 0, 2, 24, 25
rn, , , 0, -1, 3, 4
a, name=\"000000650000\", , 0, 2, 24, 25
a, name=\"000000650000\", , 0, 2, 24, 25
rn, , , 0, -1, 3, 4
a, name=\"000000700000\", , 0, 2, 24, 25
a, name=\"000000700000\", , 0, 2, 24, 25
rn, , , 0, -1, 3, 4
a, name=\"000000750000\", , 0, 2, 24, 25
a, name=\"000000750000\", , 0, 2, 24, 25
rn, , , 0, -1, 3, 4
a, name=\"000000800000\", , 0, 2, 24, 25
a, name=\"000000800000\", , 0, 2, 24, 25
rn, , , 0, -1, 3, 4
a, name=\"000000850000\", , 0, 2, 24, 25
a, name=\"000000850000\", , 0, 2, 24, 25
rn, , , 0, -1, 3, 4
a, name=\"000000900000\", , 0, 2, 24, 25
a, name=\"000000900000\", , 0, 2, 24, 25
rn, , , 0, -1, 3, 4
a, name=\"000000950000\", , 0, 2, 24, 25
a, name=\"000000950000\", , 0, 2, 24, 25
rn, , , 0, -1, 3, 4
a, name=\"000001000000\", , 0, 2, 24, 25
a, name=\"000001000000\", , 0, 2, 24, 25
rn, , , 0, -1, 3, 4
a, name=\"000001050000\", , 0, 2, 24, 25
a, name=\"000001050000\", , 0, 2, 24, 25
rn, , , 0, -1, 3, 4
a, name=\"000001100000\", , 0, 2, 24, 25
a, name=\"000001100000\", , 0, 2, 24, 25
rn, , , 0, -1, 3, 4
a, name=\"000001150000\", , 0, 2, 24, 25
a, name=\"000001150000\", , 0, 2, 24, 25
rn, , , 0, -1, 3, 4
a, name=\"000001200000\", , 0, 2, 24, 25
a, name=\"000001200000\", , 0, 2, 24, 25
rn, , , 0, -1, 3, 4
a, name=\"000001250000\", , 0, 2, 24, 25
a, name=\"000001250000\", , 0, 2, 24, 25
rn, , , 0, -1, 3, 4
a, name=\"000001300000\", , 0, 2, 24, 25
a, name=\"000001300000\", , 0, 2, 24, 25
rn, , , 0, -1, 3, 4
a, name=\"000001350000\", , 0, 2, 24, 25
a, name=\"000001350000\", , 0, 2, 24, 25
rn, , , 0, -1, 3, 4
a, name=\"000001400000\", , 0, 2, 24, 25
a, name=\"000001400000\", , 0, 2, 24, 25
rn, , , 0, -1, 3, 4
a, name=\"000001450000\", , 0, 2, 24, 25
a, name=\"000001450000\", , 0, 2, 24, 25
rn, , , 0, -1, 3, 4
a, name=\"000001500000\", , 0, 2, 24, 25
a, name=\"000001500000\", , 0, 2, 24, 25
rn, , , 0, -1, 3, 4
a, name=\"000001550000\", , 0, 2, 24, 25
a, name=\"000001550000\", , 0, 2, 24, 25
rn, , , 0, -1, 3, 4
a, name=\"000001600000\", , 0, 2, 24, 25
a, name=\"000001600000\", , 0, 2, 24, 25
rn, , , 0, -1, 3, 4
a, name=\"000001650000\", , 0, 2, 24, 25
a, name=\"000001650000\", , 0, 2, 24, 25
rn, , , 0, -1, 3, 4
a, name=\"000001700000\", , 0, 2, 24, 25
a, name=\"000001700000\", , 0, 2, 24, 25
rn, , , 0, -1, 3, 4
a, name=\"000001750000\", , 0, 2, 24, 25
a, name=\"000001750000\", , 0, 2, 24, 25
rn, , , 0, -1, 3, 4
a, name=\"000001800000\", , 0, 2, 24, 25
a, name=\"000001800000\", , 0, 2, 24, 25
rn, , , 0, -1, 3, 4
a, name=\"000001850000\", , 0, 2, 24, 25
a, name=\"000001850000\", , 0, 2, 24, 25
rn, , , 0, -1, 3, 4
a, name=\"000001900000\", , 0, 2, 24, 25
a, name=\"000001900000\", , 0, 2, 24, 25
rn, , , 0, -1, 3, 4
a, name=\"000001950000\", , 0, 2, 24, 25
a, name=\"000001950000\", , 0, 2, 24, 25
rn, , , 0, -1, 3, 4
a, name=\"000002000000\", , 0, 2, 24, 25
a, name=\"000002000000\", , 0, 2, 24, 25
rn, , , 0, -1, 3, 4
a, name=\"000002050000\", , 0, 2, 24, 25
a, name=\"000002050000\", , 0, 2, 24, 25
rn, , , 0, -1, 3, 4
a, name=\"000002100000\", , 0, 2, 24, 25
a, name=\"000002100000\", , 0, 2, 24, 25
rn, , , 0, -1, 3, 4
a, name=\"000002150000\", , 0, 2, 24, 25
a, name=\"000002150000\", , 0, 2, 24, 25
rn, , , 0, -1, 3, 4
a, name=\"000002200000\", , 0, 2, 24, 25
a, name=\"000002200000\", , 0, 2, 24, 25
rn, , , 0, -1, 3, 4
a, name=\"000002250000\", , 0, 2, 24, 25
a, name=\"000002250000\", , 0, 2, 24, 25
rn, , , 0, -1, 3, 4
a, name=\"000002300000\", , 0, 2, 24, 25
a, name=\"000002300000\", , 0, 2, 24, 25
rn, , , 0, -1, 3, 4
a, name=\"000002350000\", , 0, 2, 24, 25
a, name=\"000002350000\", , 0, 2, 24, 25
rn, , , 0, -1, 3, 4
a, name=\"000002400000\", , 0, 2, 24, 25
a, name=\"000002400000\", , 0, 2, 24, 25
rn, , , 0, -1, 3, 4
a, name=\"000002450000\", , 0, 2, 24, 25
a, name=\"000002450000\", , 0, 2, 24, 25
rn, , , 0, -1, 3, 4
a, name=\"000002500000\", , 0, 2, 24, 25
a, name=\"000002500000\", , 0, 2, 24, 25
rn, , , 0, -1, 3, 4
a, name=\"000002550000\", , 0, 2, 24, 25
a, name=\"000002550000\", , 0, 2, 24, 25
rn, , , 0, -1, 3, 4
a, name=\"000002600000\", , 0, 2, 24, 25
a, name=\"000002600000\", , 0, 2, 24, 25
rn, , , 0, -1, 3, 4
a, name=\"000002650000\", , 0, 2, 24, 25
a, name=\"000002650000\", , 0, 2, 24, 25
rn, , , 0, -1, 3, 4
a, name=\"000002700000\", , 0, 2, 24, 25
a, name=\"000002700000\", , 0, 2, 24, 25
rn, , , 0, -1, 3, 4
a, name=\"000002750000\", , 0, 2, 24, 25
a, name=\"000002750000\", , 0, 2, 24, 25
rn, , , 0, -1, 3, 4
a, name=\"000002800000\", , 0, 2, 24, 25
a, name=\"000002800000\", , 0, 2, 24, 25
rn, , , 0, -1, 3, 4
a, name=\"000002850000\", , 0, 2, 24, 25
a, name=\"000002850000\", , 0, 2, 24, 25
rn, , , 0, -1, 3, 4
a, name=\"000002900000\", , 0, 2, 24, 25
a, name=\"000002900000\", , 0, 2, 24, 25
rn, , , 0, -1, 3, 4
a, name=\"000002950000\", , 0, 2, 24, 25
a, name=\"000002950000\", , 0, 2, 24, 25
rn, , , 0, -1, 3, 4
a, name=\"000003000000\", , 0, 2, 24, 25
a, name=\"000003000000\", , 0, 2, 24, 25
rn, , , 0, -1, 3, 4
a, name=\"000003050000\", , 0, 2, 24, 25
a, name=\"000003050000\", , 0, 2, 24, 25
rn, , , 0, -1, 3, 4
a, name=\"000003100000\", , 0, 2, 24, 25
a, name=\"000003100000\", , 0, 2, 24, 25
rn, , , 0, -1, 3, 4
a, name=\"000003150000\", , 0, 2, 24, 25
a, name=\"000003150000\", , 0, 2, 24, 25
rn, , , 0, -1, 3, 4
a, name=\"000003200000\", , 0, 2, 24, 25
a, name=\"000003200000\", , 0, 2, 24, 25
rn, , , 0, -1, 3, 4
a, name=\"000003250000\", , 0, 2, 24, 25
a, name=\"000003250000\", , 0, 2, 24, 25
rn, , , 0, -1, 3, 4
a, name=\"000003300000\", , 0, 2, 24, 25
a, name=\"000003300000\", , 0, 2, 24, 25
rn, , , 0, -1, 3, 4
a, name=\"000003350000\", , 0, 2, 24, 25
a, name=\"000003350000\", , 0, 2, 24, 25
rn, , , 0, -1, 3, 4
a, name=\"000003400000\", , 0, 2, 24, 25
a, name=\"000003400000\", , 0, 2, 24, 25
rn, , , 0, -1, 3, 4
a, name=\"000003450000\", , 0, 2, 24, 25
a, name=\"000003450000\", , 0, 2, 24, 25
rn, , , 0, -1, 3, 4
a, name=\"000003500000\", , 0, 2, 24, 25
a, name=\"000003500000\", , 0, 2, 24, 25
rn, , , 0, -1, 3, 4
a, name=\"000003550000\", , 0, 2, 24, 25
a, name=\"000003550000\", , 0, 2, 24, 25
rn, , , 0, -1, 3, 4
a, name=\"000003600000\", , 0, 2, 24, 25
a, name=\"000003600000\", , 0, 2, 24, 25
rn, , , 0, -1, 3, 4
a, name=\"000003650000\", , 0, 2, 24, 25
a, name=\"000003650000\", , 0, 2, 24, 25
rn, , , 0, -1, 3, 4
a, name=\"000003700000\", , 0, 2, 24, 25
a, name=\"000003700000\", , 0, 2, 24, 25
rn, , , 0, -1, 3, 4
a, name=\"000003750000\", , 0, 2, 24, 25
a, name=\"000003750000\", , 0, 2, 24, 25
rn, , , 0, -1, 3, 4
a, name=\"000003800000\", , 0, 2, 24, 25
a, name=\"000003800000\", , 0, 2, 24, 25
rn, , , 0, -1, 3, 4
a, name=\"000003850000\", , 0, 2, 24, 25
a, name=\"000003850000\", , 0, 2, 24, 25
rn, , , 0, -1, 3, 4
a, name=\"000003900000\", , 0, 2, 24, 25
a, name=\"000003900000\", , 0, 2, 24, 25
rn, , , 0, -1, 3, 4
a, name=\"000003950000\", , 0, 2, 24, 25
a, name=\"000003950000\", , 0, 2, 24, 25
rn, , , 0, -1, 3, 4
a, name=\"000004000000\", , 0, 2, 24, 25
a, name=\"000004000000\", , 0, 2, 24, 25
rn, , , 0, -1, 3, 4
a, name=\"000004050000\", , 0, 2, 24, 25
a, name=\"000004050000\", , 0, 2, 24, 25
rn, , , 0, -1, 3, 4
a, name=\"000004100000\", , 0, 2, 24, 25
a, name=\"000004100000\", , 0, 2, 24, 25
rn, , , 0, -1, 3, 4
a, name=\"000004150000\", , 0, 2, 24, 25
a, name=\"000004150000\", , 0, 2, 24, 25
rn, , , 0, -1, 3, 4
a, name=\"000004200000\", , 0, 2, 24, 25
a, name=\"000004200000\", , 0, 2, 24, 25
rn, , , 0, -1, 3, 4
a, name=\"000004250000\", , 0, 2, 24, 25
a, name=\"000004250000\", , 0, 2, 24, 25
rn, , , 0, -1, 3, 4
a, name=\"000004300000\", , 0, 2, 24, 25
a, name=\"000004300000\", , 0, 2, 24, 25
rn, , , 0, -1, 3, 4
a, name=\"000004350000\", , 0, 2, 24, 25
a, name=\"000004350000\", , 0, 2, 24, 25
rn, , , 0, -1, 3, 4
a, name=\"000004400000\", , 0, 2, 24, 25
a, name=\"000004400000\", , 0, 2, 24, 25
rn, , , 0, -1, 3, 4
a, name=\"000004450000\", , 0, 2, 24, 25
a, name=\"000004450000\", , 0, 2, 24, 25
rn, , , 0, -1, 3, 4
a, name=\"000004500000\", , 0, 2, 24, 25
a, name=\"000004500000\", , 0, 2, 24, 25
rn, , , 0, -1, 3, 4
a, name=\"000004550000\", , 0, 2, 24, 25
a, name=\"000004550000\", , 0, 2, 24, 25
rn, , , 0, -1, 3, 4
a, name=\"000004600000\", , 0, 2, 24, 25
a, name=\"000004600000\", , 0, 2, 24, 25
rn, , , 0, -1, 3, 4
a, name=\"000004650000\", , 0, 2, 24, 25
a, name=\"000004650000\", , 0, 2, 24, 25
rn, , , 0, -1, 3, 4
a, name=\"000004700000\", , 0, 2, 24, 25
a, name=\"000004700000\", , 0, 2, 24, 25
rn, , , 0, -1, 3, 4
a, name=\"000004750000\", , 0, 2, 24, 25
a, name=\"000004750000\", , 0, 2, 24, 25
rn, , , 0, -1, 3, 4
a, name=\"000004800000\", , 0, 2, 24, 25
a, name=\"000004800000\", , 0, 2, 24, 25
rn, , , 0, -1, 3, 4
a, name=\"000004850000\", , 0, 2, 24, 25
a, name=\"000004850000\", , 0, 2, 24, 25
rn, , , 0, -1, 3, 4
a, name=\"000004900000\", , 0, 2, 24, 25
a, name=\"000004900000\", , 0, 2, 24, 25
rn, , , 0, -1, 3, 4
a, name=\"000004950000\", , 0, 2, 24, 25
a, name=\"000004950000\", , 0, 2, 24, 25
rn, , , 0, -1, 3, 4
a, name=\"000005000000\", , 0, 2, 24, 25
a, name=\"000005000000\", , 0, 2, 24, 25
rn, , , 0, -1, 3, 4
a, name=\"000005050000\", , 0, 2, 24, 25
a, name=\"000005050000\", , 0, 2, 24, 25
rn, , , 0, -1, 3, 4
a, name=\"000005100000\", , 0, 2, 24, 25
a, name=\"000005100000\", , 0, 2, 24, 25
rn, , , 0, -1, 3, 4
a, name=\"000005150000\", , 0, 2, 24, 25
a, name=\"000005150000\", , 0, 2, 24, 25
rn, , , 0, -1, 3, 4
a, name=\"000005200000\", , 0, 2, 24, 25
a, name=\"000005200000\", , 0, 2, 24, 25
rn, , , 0, -1, 3, 4
a, name=\"000005250000\", , 0, 2, 24, 25
a, name=\"000005250000\", , 0, 2, 24, 25
rn, , , 0, -1, 3, 4
a, name=\"000005300000\", , 0, 2, 24, 25
a, name=\"000005300000\", , 0, 2, 24, 25
rn, , , 0, -1, 3, 4
a, name=\"000005350000\", , 0, 2, 24, 25
a, name=\"000005350000\", , 0, 2, 24, 25
rn, , , 0, -1, 3, 4
a, name=\"000005400000\", , 0, 2, 24, 25
a, name=\"000005400000\", , 0, 2, 24, 25
rn, , , 0, -1, 3, 4
a, name=\"000005450000\", , 0, 2, 24, 25
a, name=\"000005450000\", , 0, 2, 24, 25
rn, , , 0, -1, 3, 4
a, name=\"000005500000\", , 0, 2, 24, 25
a, name=\"000005500000\", , 0, 2, 24, 25
rn, , , 0, -1, 3, 4
a, name=\"000005550000\", , 0, 2, 24, 25
a, name=\"000005550000\", , 0, 2, 24, 25
rn, , , 0, -1, 3, 4
a, name=\"000005600000\", , 0, 2, 24, 25
a, name=\"000005600000\", , 0, 2, 24, 25
rn, , , 0, -1, 3, 4
a, name=\"000005650000\", , 0, 2, 24, 25
a, name=\"000005650000\", , 0, 2, 24, 25
rn, , , 0, -1, 3, 4
a, name=\"000005700000\", , 0, 2, 24, 25
a, name=\"000005700000\", , 0, 2, 24, 25
rn, , , 0, -1, 3, 4
a, name=\"000005750000\", , 0, 2, 24, 25
a, name=\"000005750000\", , 0, 2, 24, 25
rn, , , 0, -1, 3, 4
a, name=\"000005800000\", , 0, 2, 24, 25
a, name=\"000005800000\", , 0, 2, 24, 25
rn, , , 0, -1, 3, 4
a, name=\"000005850000\", , 0, 2, 24, 25
a, name=\"000005850000\", , 0, 2, 24, 25
rn, , , 0, -1, 3, 4
a, name=\"000005900000\", , 0, 2, 24, 25
a, name=\"000005900000\", , 0, 2, 24, 25
rn, , , 0, -1, 3, 4
a, name=\"000005950000\", , 0, 2, 24, 25
a, name=\"000005950000\", , 0, 2, 24, 25
rn, , , 0, -1, 3, 4
a, name=\"000006000000\", , 0, 2, 24, 25
a, name=\"000006000000\", , 0, 2, 24, 25
rn, , , 0, -1, 3, 4
a, name=\"000006050000\", , 0, 2, 24, 25
a, name=\"000006050000\", , 0, 2, 24, 25
rn, , , 0, -1, 3, 4
a, name=\"000006100000\", , 0, 2, 24, 25
a, name=\"000006100000\", , 0, 2, 24, 25
rn, , , 0, -1, 3, 4
a, name=\"000006150000\", , 0, 2, 24, 25
a, name=\"000006150000\", , 0, 2, 24, 25
rn, , , 0, -1, 3, 4
a, name=\"000006200000\", , 0, 2, 24, 25
a, name=\"000006200000\", , 0, 2, 24, 25
rn, , , 0, -1, 3, 4
a, name=\"000006250000\", , 0, 2, 24, 25
a, name=\"000006250000\", , 0, 2, 24, 25
rn, , , 0, -1, 3, 4
a, name=\"000006300000\", , 0, 2, 24, 25
a, name=\"000006300000\", , 0, 2, 24, 25
rn, , , 0, -1, 3, 4
a, name=\"000006350000\", , 0, 2, 24, 25
a, name=\"000006350000\", , 0, 2, 24, 25
rn, , , 0, -1, 3, 4
a, name=\"000006400000\", , 0, 2, 24, 25
a, name=\"000006400000\", , 0, 2, 24, 25
rn, , , 0, -1, 3, 4
a, name=\"000006450000\", , 0, 2, 24, 25
a, name=\"000006450000\", , 0, 2, 24, 25
rn, , , 0, -1, 3, 4
a, name=\"000006500000\", , 0, 2, 24, 25
a, name=\"000006500000\", , 0, 2, 24, 25
rn, , , 0, -1, 3, 4
a, name=\"000006550000\", , 0, 2, 24, 25
a, name=\"000006550000\", , 0, 2, 24, 25
rn, , , 0, -1, 3, 4
a, name=\"000006600000\", , 0, 2, 24, 25
a, name=\"000006600000\", , 0, 2, 24, 25
rn, , , 0, -1, 3, 4
a, name=\"000006650000\", , 0, 2, 24, 25
a, name=\"000006650000\", , 0, 2, 24, 25
rn, , , 0, -1, 3, 4
a, name=\"000006700000\", , 0, 2, 24, 25
a, name=\"000006700000\", , 0, 2, 24, 25
rn, , , 0, -1, 3, 4
a, name=\"000006750000\", , 0, 2, 24, 25
a, name=\"000006750000\", , 0, 2, 24, 25
rn, , , 0, -1, 3, 4
a, name=\"000006800000\", , 0, 2, 24, 25
a, name=\"000006800000\", , 0, 2, 24, 25
rn, , , 0, -1, 3, 4
a, name=\"000006850000\", , 0, 2, 24, 25
a, name=\"000006850000\", , 0, 2, 24, 25
rn, , , 0, -1, 3, 4
a, name=\"000006900000\", , 0, 2, 24, 25
a, name=\"000006900000\", , 0, 2, 24, 25
rn, , , 0, -1, 3, 4
a, name=\"000006950000\", , 0, 2, 24, 25
a, name=\"000006950000\", , 0, 2, 24, 25
rn, , , 0, -1, 3, 4
a, name=\"000007000000\", , 0, 2, 24, 25
a, name=\"000007000000\", , 0, 2, 24, 25
rn, , , 0, -1, 3, 4
a, name=\"000007050000\", , 0, 2, 24, 25
a, name=\"000007050000\", , 0, 2, 24, 25
rn, , , 0, -1, 3, 4
a, name=\"000007100000\", , 0, 2, 24, 25
a, name=\"000007100000\", , 0, 2, 24, 25
rn, , , 0, -1, 3, 4
a, name=\"000007150000\", , 0, 2, 24, 25
a, name=\"000007150000\", , 0, 2, 24, 25
rn, , , 0, -1, 3, 4
a, name=\"000007200000\", , 0, 2, 24, 25
a, name=\"000007200000\", , 0, 2, 24, 25
rn, , , 0, -1, 3, 4
a, name=\"000007250000\", , 0, 2, 24, 25
a, name=\"000007250000\", , 0, 2, 24, 25
rn, , , 0, -1, 3, 4
a, name=\"000007300000\", , 0, 2, 24, 25
a, name=\"000007300000\", , 0, 2, 24, 25
rn, , , 0, -1, 3, 4
a, name=\"000007350000\", , 0, 2, 24, 25
a, name=\"000007350000\", , 0, 2, 24, 25
rn, , , 0, -1, 3, 4
a, name=\"000007400000\", , 0, 2, 24, 25
a, name=\"000007400000\", , 0, 2, 24, 25
rn, , , 0, -1, 3, 4
a, name=\"000007450000\", , 0, 2, 24, 25
a, name=\"000007450000\", , 0, 2, 24, 25
rn, , , 0, -1, 3, 4
a, name=\"000007500000\", , 0, 2, 24, 25
a, name=\"000007500000\", , 0, 2, 24, 25
rn, , , 0, -1, 3, 4
a, name=\"000007550000\", , 0, 2, 24, 25
a, name=\"000007550000\", , 0, 2, 24, 25
rn, , , 0, -1, 3, 4
a, name=\"000007600000\", , 0, 2, 24, 25
a, name=\"000007600000\", , 0, 2, 24, 25
rn, , , 0, -1, 3, 4
a, name=\"000007650000\", , 0, 2, 24, 25
a, name=\"000007650000\", , 0, 2, 24, 25
rn, , , 0, -1, 3, 4
a, name=\"000007700000\", , 0, 2, 24, 25
a, name=\"000007700000\", , 0, 2, 24, 25
rn, , , 0, -1, 3, 4
a, name=\"000007750000\", , 0, 2, 24, 25
a, name=\"000007750000\", , 0, 2, 24, 25
rn, , , 0, -1, 3, 4
a, name=\"000007800000\", , 0, 2, 24, 25
a, name=\"000007800000\", , 0, 2, 24, 25
rn, , , 0, -1, 3, 4
a, name=\"000007850000\", , 0, 2, 24, 25
a, name=\"000007850000\", , 0, 2, 24, 25
rn, , , 0, -1, 3, 4
a, name=\"000007900000\", , 0, 2, 24, 25
a, name=\"000007900000\", , 0, 2, 24, 25
rn, , , 0, -1, 3, 4
a, name=\"000007950000\", , 0, 2, 24, 25
a, name=\"000007950000\", , 0, 2, 24, 25
rn, , , 0, -1, 3, 4
a, name=\"000008000000\", , 0, 2, 24, 25
a, name=\"000008000000\", , 0, 2, 24, 25
rn, , , 0, -1, 3, 4
a, name=\"000008050000\", , 0, 2, 24, 25
a, name=\"000008050000\", , 0, 2, 24, 25
rn, , , 0, -1, 3, 4
a, name=\"000008100000\", , 0, 2, 24, 25
a, name=\"000008100000\", , 0, 2, 24, 25
rn, , , 0, -1, 3, 4
a, name=\"000008150000\", , 0, 2, 24, 25
a, name=\"000008150000\", , 0, 2, 24, 25
rn, , , 0, -1, 3, 4
a, name=\"000008200000\", , 0, 2, 24, 25
a, name=\"000008200000\", , 0, 2, 24, 25
rn, , , 0, -1, 3, 4
a, name=\"000008250000\", , 0, 2, 24, 25
a, name=\"000008250000\", , 0, 2, 24, 25
rn, , , 0, -1, 3, 4
a, name=\"000008300000\", , 0, 2, 24, 25
a, name=\"000008300000\", , 0, 2, 24, 25
rn, , , 0, -1, 3, 4
a, name=\"000008350000\", , 0, 2, 24, 25
a, name=\"000008350000\", , 0, 2, 24, 25
rn, , , 0, -1, 3, 4
a, name=\"000008400000\", , 0, 2, 24, 25
a, name=\"000008400000\", , 0, 2, 24, 25
rn, , , 0, -1, 3, 4
a, name=\"000008450000\", , 0, 2, 24, 25
a, name=\"000008450000\", , 0, 2, 24, 25
rn, , , 0, -1, 3, 4
a, name=\"000008500000\", , 0, 2, 24, 25
a, name=\"000008500000\", , 0, 2, 24, 25
rn, , , 0, -1, 3, 4
a, name=\"000008550000\", , 0, 2, 24, 25
a, name=\"000008550000\", , 0, 2, 24, 25
rn, , , 0, -1, 3, 4
a, name=\"000008600000\", , 0, 2, 24, 25
a, name=\"000008600000\", , 0, 2, 24, 25
rn, , , 0, -1, 3, 4
a, name=\"000008650000\", , 0, 2, 24, 25
a, name=\"000008650000\", , 0, 2, 24, 25
rn, , , 0, -1, 3, 4
a, name=\"000008700000\", , 0, 2, 24, 25
a, name=\"000008700000\", , 0, 2, 24, 25
rn, , , 0, -1, 3, 4
a, name=\"000008750000\", , 0, 2, 24, 25
a, name=\"000008750000\", , 0, 2, 24, 25
rn, , , 0, -1, 3, 4
a, name=\"000008800000\", , 0, 2, 24, 25
a, name=\"000008800000\", , 0, 2, 24, 25
rn, , , 0, -1, 3, 4
a, name=\"000008850000\", , 0, 2, 24, 25
a, name=\"000008850000\", , 0, 2, 24, 25
rn, , , 0, -1, 3, 4
a, name=\"000008900000\", , 0, 2, 24, 25
a, name=\"000008900000\", , 0, 2, 24, 25
rn, , , 0, -1, 3, 4
a, name=\"000008950000\", , 0, 2, 24, 25
a, name=\"000008950000\", , 0, 2, 24, 25
rn, , , 0, -1, 3, 4
a, name=\"000009000000\", , 0, 2, 24, 25
a, name=\"000009000000\", , 0, 2, 24, 25
rn, , , 0, -1, 3, 4
a, name=\"000009050000\", , 0, 2, 24, 25
a, name=\"000009050000\", , 0, 2, 24, 25
rn, , , 0, -1, 3, 4
a, name=\"000009100000\", , 0, 2, 24, 25
a, name=\"000009100000\", , 0, 2, 24, 25
rn, , , 0, -1, 3, 4
a, name=\"000009150000\", , 0, 2, 24, 25
a, name=\"000009150000\", , 0, 2, 24, 25
rn, , , 0, -1, 3, 4
a, name=\"000009200000\", , 0, 2, 24, 25
a, name=\"000009200000\", , 0, 2, 24, 25
rn, , , 0, -1, 3, 4
a, name=\"000009250000\", , 0, 2, 24, 25
a, name=\"000009250000\", , 0, 2, 24, 25
rn, , , 0, -1, 3, 4
a, name=\"000009300000\", , 0, 2, 24, 25
a, name=\"000009300000\", , 0, 2, 24, 25
rn, , , 0, -1, 3, 4
a, name=\"000009350000\", , 0, 2, 24, 25
a, name=\"000009350000\", , 0, 2, 24, 25
rn, , , 0, -1, 3, 4
a, name=\"000009400000\", , 0, 2, 24, 25
a, name=\"000009400000\", , 0, 2, 24, 25
rn, , , 0, -1, 3, 4
a, name=\"000009450000\", , 0, 2, 24, 25
a, name=\"000009450000\", , 0, 2, 24, 25
rn, , , 0, -1, 3, 4
a, name=\"000009500000\", , 0, 2, 24, 25
a, name=\"000009500000\", , 0, 2, 24, 25
rn, , , 0, -1, 3, 4
a, name=\"000009550000\", , 0, 2, 24, 25
a, name=\"000009550000\", , 0, 2, 24, 25
rn, , , 0, -1, 3, 4
a, name=\"000009600000\", , 0, 2, 24, 25
a, name=\"000009600000\", , 0, 2, 24, 25
rn, , , 0, -1, 3, 4
a, name=\"000009650000\", , 0, 2, 24, 25
a, name=\"000009650000\", , 0, 2, 24, 25
rn, , , 0, -1, 3, 4
a, name=\"000009700000\", , 0, 2, 24, 25
a, name=\"000009700000\", , 0, 2, 24, 25
rn, , , 0, -1, 3, 4
a, name=\"000009750000\", , 0, 2, 24, 25
a, name=\"000009750000\", , 0, 2, 24, 25
rn, , , 0, -1, 3, 4
a, name=\"000009800000\", , 0, 2, 24, 25
a, name=\"000009800000\", , 0, 2, 24, 25
rn, , , 0, -1, 3, 4
a, name=\"000009850000\", , 0, 2, 24, 25
a, name=\"000009850000\", , 0, 2, 24, 25
rn, , , 0, -1, 3, 4
a, name=\"000009900000\", , 0, 2, 24, 25
a, name=\"000009900000\", , 0, 2, 24, 25
rn, , , 0, -1, 3, 4
a, name=\"000009950000\", , 0, 2, 24, 25
a, name=\"000009950000\", , 0, 2, 24, 25
rn, , , 0, -1, 3, 4
a, name=\"000010000000\", , 0, 2, 24, 25
a, name=\"000010000000\", , 0, 2, 24, 25
rn, , , 0, -1, 3, 4
a, name=\"000010050000\", , 0, 2, 24, 25
a, name=\"000010050000\", , 0, 2, 24, 25
rn, , , 0, -1, 3, 4
a, name=\"000010100000\", , 0, 2, 24, 25
a, name=\"000010100000\", , 0, 2, 24, 25
rn, , , 0, -1, 3, 4
a, name=\"000010150000\", , 0, 2, 24, 25
a, name=\"000010150000\", , 0, 2, 24, 25
rn, , , 0, -1, 3, 4
a, name=\"000010200000\", , 0, 2, 24, 25
a, name=\"000010200000\", , 0, 2, 24, 25
rn, , , 0, -1, 3, 4
a, name=\"000010250000\", , 0, 2, 24, 25
a, name=\"000010250000\", , 0, 2, 24, 25
rn, , , 0, -1, 3, 4
a, name=\"000010300000\", , 0, 2, 24, 25
a, name=\"000010300000\", , 0, 2, 24, 25
rn, , , 0, -1, 3, 4
a, name=\"000010350000\", , 0, 2, 24, 25
a, name=\"000010350000\", , 0, 2, 24, 25
rn, , , 0, -1, 3, 4
a, name=\"000010400000\", , 0, 2, 24, 25
a, name=\"000010400000\", , 0, 2, 24, 25
rn, , , 0, -1, 3, 4
a, name=\"000010450000\", , 0, 2, 24, 25
a, name=\"000010450000\", , 0, 2, 24, 25
rn, , , 0, -1, 3, 4
a, name=\"000010500000\", , 0, 2, 24, 25
a, name=\"000010500000\", , 0, 2, 24, 25
rn, , , 0, -1, 3, 4
a, name=\"000010550000\", , 0, 2, 24, 25
a, name=\"000010550000\", , 0, 2, 24, 25
rn, , , 0, -1, 3, 4
a, name=\"000010600000\", , 0, 2, 24, 25
a, name=\"000010600000\", , 0, 2, 24, 25
rn, , , 0, -1, 3, 4
a, name=\"000010650000\", , 0, 2, 24, 25
a, name=\"000010650000\", , 0, 2, 24, 25
rn, , , 0, -1, 3, 4
a, name=\"000010700000\", , 0, 2, 24, 25
a, name=\"000010700000\", , 0, 2, 24, 25
rn, , , 0, -1, 3, 4
a, name=\"000010750000\", , 0, 2, 24, 25
a, name=\"000010750000\", , 0, 2, 24, 25
rn, , , 0, -1, 3, 4
a, name=\"000010800000\", , 0, 2, 24, 25
a, name=\"000010800000\", , 0, 2, 24, 25
rn, , , 0, -1, 3, 4
a, name=\"000010850000\", , 0, 2, 24, 25
a, name=\"000010850000\", , 0, 2, 24, 25
rn, , , 0, -1, 3, 4
a, name=\"000010900000\", , 0, 2, 24, 25
a, name=\"000010900000\", , 0, 2, 24, 25
rn, , , 0, -1, 3, 4
a, name=\"000010950000\", , 0, 2, 24, 25
a, name=\"000010950000\", , 0, 2, 24, 25
rn, , , 0, -1, 3, 4
a, name=\"000011000000\", , 0, 2, 24, 25
a, name=\"000011000000\", , 0, 2, 24, 25
rn, , , 0, -1, 3, 4
a, name=\"000011050000\", , 0, 2, 24, 25
a, name=\"000011050000\", , 0, 2, 24, 25
rn, , , 0, -1, 3, 4
a, name=\"000011100000\", , 0, 2, 24, 25
a, name=\"000011100000\", , 0, 2, 24, 25
rn, , , 0, -1, 3, 4
a, name=\"000011150000\", , 0, 2, 24, 25
a, name=\"000011150000\", , 0, 2, 24, 25
rn, , , 0, -1, 3, 4
a, name=\"000011200000\", , 0, 2, 24, 25
a, name=\"000011200000\", , 0, 2, 24, 25
rn, , , 0, -1, 3, 4
a, name=\"000011250000\", , 0, 2, 24, 25
a, name=\"000011250000\", , 0, 2, 24, 25
rn, , , 0, -1, 3, 4
a, name=\"000011300000\", , 0, 2, 24, 25
a, name=\"000011300000\", , 0, 2, 24, 25
rn, , , 0, -1, 3, 4
a, name=\"000011350000\", , 0, 2, 24, 25
a, name=\"000011350000\", , 0, 2, 24, 25
rn, , , 0, -1, 3, 4
a, name=\"000011400000\", , 0, 2, 24, 25
a, name=\"000011400000\", , 0, 2, 24, 25
rn, , , 0, -1, 3, 4
a, name=\"000011450000\", , 0, 2, 24, 25
a, name=\"000011450000\", , 0, 2, 24, 25
rn, , , 0, -1, 3, 4
a, name=\"000011500000\", , 0, 2, 24, 25
a, name=\"000011500000\", , 0, 2, 24, 25
rn, , , 0, -1, 3, 4
a, name=\"000011550000\", , 0, 2, 24, 25
a, name=\"000011550000\", , 0, 2, 24, 25
rn, , , 0, -1, 3, 4
a, name=\"000011600000\", , 0, 2, 24, 25
a, name=\"000011600000\", , 0, 2, 24, 25
rn, , , 0, -1, 3, 4
a, name=\"000011650000\", , 0, 2, 24, 25
a, name=\"000011650000\", , 0, 2, 24, 25
rn, , , 0, -1, 3, 4
a, name=\"000011700000\", , 0, 2, 24, 25
a, name=\"000011700000\", , 0, 2, 24, 25
rn, , , 0, -1, 3, 4
a, name=\"000011750000\", , 0, 2, 24, 25
a, name=\"000011750000\", , 0, 2, 24, 25
rn, , , 0, -1, 3, 4
a, name=\"000011800000\", , 0, 2, 24, 25
a, name=\"000011800000\", , 0, 2, 24, 25
rn, , , 0, -1, 3, 4
a, name=\"000011850000\", , 0, 2, 24, 25
a, name=\"000011850000\", , 0, 2, 24, 25
rn, , , 0, -1, 3, 4
a, name=\"000011900000\", , 0, 2, 24, 25
a, name=\"000011900000\", , 0, 2, 24, 25
rn, , , 0, -1, 3, 4
a, name=\"000011950000\", , 0, 2, 24, 25
a, name=\"000011950000\", , 0, 2, 24, 25
rn, , , 0, -1, 3, 4
a, name=\"000012000000\", , 0, 2, 24, 25
a, name=\"000012000000\", , 0, 2, 24, 25
rn, , , 0, -1, 3, 4
a, name=\"000012050000\", , 0, 2, 24, 25
a, name=\"000012050000\", , 0, 2, 24, 25
rn, , , 0, -1, 3, 4
a, name=\"000012100000\", , 0, 2, 24, 25
a, name=\"000012100000\", , 0, 2, 24, 25
rn, , , 0, -1, 3, 4
a, name=\"000012150000\", , 0, 2, 24, 25
a, name=\"000012150000\", , 0, 2, 24, 25
rn, , , 0, -1, 3, 4
a, name=\"000012200000\", , 0, 2, 24, 25
a, name=\"000012200000\", , 0, 2, 24, 25
rn, , , 0, -1, 3, 4
a, name=\"000012250000\", , 0, 2, 24, 25
a, name=\"000012250000\", , 0, 2, 24, 25
rn, , , 0, -1, 3, 4
a, name=\"000012300000\", , 0, 2, 24, 25
a, name=\"000012300000\", , 0, 2, 24, 25
rn, , , 0, -1, 3, 4
a, name=\"000012350000\", , 0, 2, 24, 25
a, name=\"000012350000\", , 0, 2, 24, 25
rn, , , 0, -1, 3, 4
a, name=\"000012400000\", , 0, 2, 24, 25
a, name=\"000012400000\", , 0, 2, 24, 25
rn, , , 0, -1, 3, 4
a, name=\"000012450000\", , 0, 2, 24, 25
a, name=\"000012450000\", , 0, 2, 24, 25
rn, , , 0, -1, 3, 4
a, name=\"000012500000\", , 0, 2, 24, 25
a, name=\"000012500000\", , 0, 2, 24, 25
rn, , , 0, -1, 3, 4
a, name=\"000012550000\", , 0, 2, 24, 25
a, name=\"000012550000\", , 0, 2, 24, 25
rn, , , 0, -1, 3, 4
a, name=\"000012600000\", , 0, 2, 24, 25
a, name=\"000012600000\", , 0, 2, 24, 25
rn, , , 0, -1, 3, 4
a, name=\"000012650000\", , 0, 2, 24, 25
a, name=\"000012650000\", , 0, 2, 24, 25
rn, , , 0, -1, 3, 4
a, name=\"000012700000\", , 0, 2, 24, 25
a, name=\"000012700000\", , 0, 2, 24, 25
rn, , , 0, -1, 3, 4
a, name=\"000012750000\", , 0, 2, 24, 25
a, name=\"000012750000\", , 0, 2, 24, 25
rn, , , 0, -1, 3, 4
a, name=\"000012800000\", , 0, 2, 24, 25
a, name=\"000012800000\", , 0, 2, 24, 25
rn, , , 0, -1, 3, 4
a, name=\"000012850000\", , 0, 2, 24, 25
a, name=\"000012850000\", , 0, 2, 24, 25
rn, , , 0, -1, 3, 4
a, name=\"000012900000\", , 0, 2, 24, 25
a, name=\"000012900000\", , 0, 2, 24, 25
rn, , , 0, -1, 3, 4
a, name=\"000012950000\", , 0, 2, 24, 25
a, name=\"000012950000\", , 0, 2, 24, 25
rn, , , 0, -1, 3, 4
a, name=\"000013000000\", , 0, 2, 24, 25
a, name=\"000013000000\", , 0, 2, 24, 25
rn, , , 0, -1, 3, 4
a, name=\"000013050000\", , 0, 2, 24, 25
a, name=\"000013050000\", , 0, 2, 24, 25
rn, , , 0, -1, 3, 4
a, name=\"000013100000\", , 0, 2, 24, 25
a, name=\"000013100000\", , 0, 2, 24, 25
rn, , , 0, -1, 3, 4
a, name=\"000013150000\", , 0, 2, 24, 25
a, name=\"000013150000\", , 0, 2, 24, 25
rn, , , 0, -1, 3, 4
a, name=\"000013200000\", , 0, 2, 24, 25
a, name=\"000013200000\", , 0, 2, 24, 25
rn, , , 0, -1, 3, 4
a, name=\"000013250000\", , 0, 2, 24, 25
a, name=\"000013250000\", , 0, 2, 24, 25
rn, , , 0, -1, 3, 4
a, name=\"000013300000\", , 0, 2, 24, 25
a, name=\"000013300000\", , 0, 2, 24, 25
rn, , , 0, -1, 3, 4
a, name=\"000013350000\", , 0, 2, 24, 25
a, name=\"000013350000\", , 0, 2, 24, 25
rn, , , 0, -1, 3, 4
a, name=\"000013400000\", , 0, 2, 24, 25
a, name=\"000013400000\", , 0, 2, 24, 25
rn, , , 0, -1, 3, 4
a, name=\"000013450000\", , 0, 2, 24, 25
a, name=\"000013450000\", , 0, 2, 24, 25
rn, , , 0, -1, 3, 4
a, name=\"000013500000\", , 0, 2, 24, 25
a, name=\"000013500000\", , 0, 2, 24, 25
rn, , , 0, -1, 3, 4
a, name=\"000013550000\", , 0, 2, 24, 25
a, name=\"000013550000\", , 0, 2, 24, 25
rn, , , 0, -1, 3, 4
a, name=\"000013600000\", , 0, 2, 24, 25
a, name=\"000013600000\", , 0, 2, 24, 25
rn, , , 0, -1, 3, 4
a, name=\"000013650000\", , 0, 2, 24, 25
a, name=\"000013650000\", , 0, 2, 24, 25
rn, , , 0, -1, 3, 4
a, name=\"000013700000\", , 0, 2, 24, 25
a, name=\"000013700000\", , 0, 2, 24, 25
rn, , , 0, -1, 3, 4
a, name=\"000013750000\", , 0, 2, 24, 25
a, name=\"000013750000\", , 0, 2, 24, 25
rn, , , 0, -1, 3, 4
a, name=\"000013800000\", , 0, 2, 24, 25
a, name=\"000013800000\", , 0, 2, 24, 25
rn, , , 0, -1, 3, 4
a, name=\"000013850000\", , 0, 2, 24, 25
a, name=\"000013850000\", , 0, 2, 24, 25
rn, , , 0, -1, 3, 4
a, name=\"000013900000\", , 0, 2, 24, 25
a, name=\"000013900000\", , 0, 2, 24, 25
rn, , , 0, -1, 3, 4
a, name=\"000013950000\", , 0, 2, 24, 25
a, name=\"000013950000\", , 0, 2, 24, 25
rn, , , 0, -1, 3, 4
a, name=\"000014000000\", , 0, 2, 24, 25
a, name=\"000014000000\", , 0, 2, 24, 25
rn, , , 0, -1, 3, 4
a, name=\"000014050000\", , 0, 2, 24, 25
a, name=\"000014050000\", , 0, 2, 24, 25
rn, , , 0, -1, 3, 4
a, name=\"000014100000\", , 0, 2, 24, 25
a, name=\"000014100000\", , 0, 2, 24, 25
rn, , , 0, -1, 3, 4
a, name=\"000014150000\", , 0, 2, 24, 25
a, name=\"000014150000\", , 0, 2, 24, 25
rn, , , 0, -1, 3, 4
a, name=\"000014200000\", , 0, 2, 24, 25
a, name=\"000014200000\", , 0, 2, 24, 25
rn, , , 0, -1, 3, 4
a, name=\"000014250000\", , 0, 2, 24, 25
a, name=\"000014250000\", , 0, 2, 24, 25
rn, , , 0, -1, 3, 4
a, name=\"000014300000\", , 0, 2, 24, 25
a, name=\"000014300000\", , 0, 2, 24, 25
rn, , , 0, -1, 3, 4
a, name=\"000014350000\", , 0, 2, 24, 25
a, name=\"000014350000\", , 0, 2, 24, 25
rn, , , 0, -1, 3, 4
a, name=\"000014400000\", , 0, 2, 24, 25
a, name=\"000014400000\", , 0, 2, 24, 25
rn, , , 0, -1, 3, 4
a, name=\"000014450000\", , 0, 2, 24, 25
a, name=\"000014450000\", , 0, 2, 24, 25
rn, , , 0, -1, 3, 4
a, name=\"000014500000\", , 0, 2, 24, 25
a, name=\"000014500000\", , 0, 2, 24, 25
rn, , , 0, -1, 3, 4
a, name=\"000014550000\", , 0, 2, 24, 25
a, name=\"000014550000\", , 0, 2, 24, 25
rn, , , 0, -1, 3, 4
a, name=\"000014600000\", , 0, 2, 24, 25
a, name=\"000014600000\", , 0, 2, 24, 25
rn, , , 0, -1, 3, 4
a, name=\"000014650000\", , 0, 2, 24, 25
a, name=\"000014650000\", , 0, 2, 24, 25
rn, , , 0, -1, 3, 4
a, name=\"000014700000\", , 0, 2, 24, 25
a, name=\"000014700000\", , 0, 2, 24, 25
rn, , , 0, -1, 3, 4
a, name=\"000014750000\", , 0, 2, 24, 25
a, name=\"000014750000\", , 0, 2, 24, 25
rn, , , 0, -1, 3, 4
a, name=\"000014800000\", , 0, 2, 24, 25
a, name=\"000014800000\", , 0, 2, 24, 25
rn, , , 0, -1, 3, 4
a, name=\"000014850000\", , 0, 2, 24, 25
a, name=\"000014850000\", , 0, 2, 24, 25
rn, , , 0, -1, 3, 4
a, name=\"000014900000\", , 0, 2, 24, 25
a, name=\"000014900000\", , 0, 2, 24, 25
rn, , , 0, -1, 3, 4
a, name=\"000014950000\", , 0, 2, 24, 25
a, name=\"000014950000\", , 0, 2, 24, 25
rn, , , 0, -1, 3, 4
a, name=\"000015000000\", , 0, 2, 24, 25
a, name=\"000015000000\", , 0, 2, 24, 25
